23   23   27  43   24   25   26   26   26   26   25   26  25 
26   27   28  28   28   30   31   31   31   30   30   30  29 
31   32   32  32   33   34   35   36   36   34   34   34  34 
39   38   39  39   39   41   42   43   40   39   38   38  40 
38   39   39  39   39   41   41   41   28   40   39   39  45 
23   23   27  43   24   25   26   26   26   26   25   26  25 
26   27   28  28   28   30   31   31   31   30   30   30  29 
31   32   32  32   33   34   35   36   36   34   34   34  34 
39   38   39  39   39   41   42   43   40   39   38   38  40 
38   39   39  39   39   41   41   41   28   40   39   39  45 
23   23   27  43   24   25   26   26   26   26   25   26  25 
26   27   28  28   28   30   31   31   31   30   30   30  29 
31   32   32  32   33   34   35   36   36   34   34   34  34 
39   38   39  39   39   41   42   43   40   39   38   38  40 
38   39   39  39   39   41   41   41   28   40   39   39  45 
23   23   27  43   24   25   26   26   26   26   25   26  25 
26   27   28  28   28   30   31   31   31   30   30   30  29 
31   32   32  32   33   34   35   36   36   34   34   34  34 
39   38   39  39   39   41   42   43   40   39   38   38  40 
38   39   39  39   39   41   41   41   28   40   39   39  45 
23   23   27  43   24   25   26   26   26   26   25   26  25 
26   27   28  28   28   30   31   31   31   30   30   30  29 
31   32   32  32   33   34   35   36   36   34   34   34  34 
39   38   39  39   39   41   42   43   40   39   38   38  40 
38   39   39  39   39   41   41   41   28   40   39   39  45 
23   23   27  43   24   25   26   26   26   26   25   26  25 
26   27   28  28   28   30   31   31   31   30   30   30  29 
31   32   32  32   33   34   35   36   36   34   34   34  34 
39   38   39  39   39   41   42   43   40   39   38   38  40 
38   39   39  39   39   41   41   41   28   40   39   39  45 